0.015950473,0.0012630699
0.0146277975,0.0017523635
0.013691289,0.0007274896
0.01592701,0.00078535546
0.017207501,0.0010345383
0.01643784,0.0045419917
0.019601157,-0.00081733987
0.02117738,-0.0014166022
0.021747377,-0.0005872352
0.017210856,-0.0026623625
0.019766616,-0.0031359438
0.019502781,0.0003831368
0.0149870105,0.00063585024
0.014850559,0.0015732422
0.016963633,0.0049335756
0.014970082,0.0027095182
0.013203,0.0055996627
0.019893363,0.0064529683
0.01658487,0.00426948
0.011478139,0.008865292
0.012709189,0.00698377
0.012571493,0.0072821476
0.008601813,0.009594574
0.012157612,0.008597849
0.013415184,0.0034748595
0.016344978,0.0017123194
0.018384362,-0.0003340291
0.018420637,-0.0059474427
0.013037259,-0.0034031682
0.009555915,-0.0044485787
0.0069629797,0.0018469784
0.0063864435,0.0062741074
0.009039994,0.005032317
0.01492775,0.008525024
0.011522863,0.016536366
0.013230638,0.014595306
0.011813213,0.009520223
0.009763679,0.0043815393
0.006727378,0.0012182696
0.008661331,0.0021123737
0.006262035,0.006913889
0.011931786,0.002610433
0.010822255,-0.0019695712
0.013637875,-0.0005846629
0.010995843,0.0009412598
0.0083727185,0.0019638287
0.008056125,1.8223189e-05
0.009009857,0.0040571727
0.0055829277,0.00037815142
0.0034581665,0.010128764
0.014074127,0.0018894598
0.02584033,0.010381583
0.018410936,0.0032881093
0.020515405,0.0021852702
0.018700775,0.003518206
0.0202894,0.0062737265
0.025168743,0.007139127
0.026738083,0.005171246
0.025720788,0.00916733
0.023987215,0.005872726
0.025329325,0.004754517
0.023178887,0.0068567507
0.020803832,0.0050035263
0.021257289,0.0057561845
0.01934217,0.0015396932
0.0244506,0.0041693705
0.015784888,0.002377838
0.01787031,0.003849952
0.019793693,0.002899549
0.015725033,0.0025584865
0.014974583,-0.0024626693
0.009726825,0.0009777788
0.012396421,0.00064901635
0.012012887,-0.0011290712
0.011455872,-0.00091627147
0.008504158,-0.0009681592
0.010304151,0.00013334677
0.014142923,-0.0007449025
0.012244642,0.00013776869
0.012795875,0.0035885684
0.01412727,0.0067522055
0.009230394,0.006224486
0.015025269,0.007851419
0.014707931,0.007834576
0.009010663,0.004564939
0.015041981,0.0010613119
0.016807225,0.0012450088
0.017719733,0.0015406962
0.017088257,0.002605014
0.01896555,-0.0008031167
0.02234062,-0.0009063147
0.027368706,0.002631789
0.02021626,-0.0002979273
0.020204749,-0.0027976017
0.020926379,0.0010134745
0.018164575,-0.0004094364
0.020814644,-0.003216641
0.022391131,-0.0050091026
0.024784375,0.00081065856
0.01700412,-0.0006517079
0.015951063,0.0043122172
0.013950983,0.00249132
0.01586594,-0.0010278309
0.011487283,0.0049380558
0.011117302,0.0033070794
0.020737313,0.0052499217
0.010276644,0.0024106158
0.015760586,0.007603535
0.018971682,0.0063892035
0.019542266,0.00355074
0.020385198,0.0090494
0.02119872,0.007993715
0.021652877,0.0059171454
0.017096337,0.0060061263
0.018024525,0.0030673007
0.021756459,0.0015797401
0.02389266,0.0021350328
0.025257345,0.0019405326
0.027316865,0.003389486
0.029286332,0.00019495655
0.035090774,5.359389e-05
0.037407614,0.006391866
0.033006016,0.0026236014
0.035725035,0.0010721805
0.03435937,0.004888089
0.03257729,0.005982834
0.03353091,0.0043753
0.036760565,-0.0019950261
0.0360842,0.0006116489
0.030617382,0.0024327128
0.033468395,0.004233899
0.036702972,0.003920221
0.034594785,0.003968366
0.033511963,0.002548593
0.031993695,0.004776138
0.032960754,0.0047508352
0.031080037,0.0037391926
0.039288208,0.0048204833
0.034671925,0.0035852888
0.03620098,0.0020511365
0.03625131,0.0048578167
0.038053654,0.0059411847
0.03834338,0.0122374
0.041832566,0.011274932
0.039116755,0.009002028
0.03667282,0.013508135
0.041694693,0.011960716
0.037392523,0.014457547
0.034834445,0.012511192
0.03181678,0.008323124
0.032655485,0.0043459944
0.038124796,0.004919051
0.04131206,0.0054551624
0.040000033,0.004207187
0.045339216,0.0022849478
0.048601165,0.0019569844
0.052693453,0.0036117672
0.051768716,0.0041142316
0.045979872,0.006346958
0.048572257,0.002052241
0.0495313,0.0027837772
0.0519991,0.0067279637
0.05137804,0.006015853
0.055976354,-0.00050718617
0.063975915,0.001087077
0.05133111,0.0062731537
0.053320926,0.007859955
0.056573767,0.009909044
0.05739957,0.009238068
0.061509274,0.009171549
0.064564295,0.008534603
0.06795609,0.00980249
0.067244284,0.0063191783
0.06811713,0.0078023616
0.06428012,0.008661341
0.061498117,0.009770563
0.06677075,0.008144962
0.06980863,0.007465725
0.07030077,0.011518846
0.06785129,0.011703906
0.072361335,0.0109042805
0.07880469,0.015188122
0.07388209,0.013711177
0.07167604,0.006881903
0.07332648,0.015204776
0.07065984,0.01576283
0.06786402,0.016155563
0.071515344,0.015087872
0.07193147,0.017961245
0.07022911,0.015841387
0.07589356,0.016229311
0.0803477,0.012076985
0.08064729,0.018461868
0.079138204,0.016128534
0.07692838,0.014755456
0.07282093,0.014559747
0.07503164,0.013632349
0.07455505,0.010056064
0.07236488,0.00996734
0.07011011,0.01119143
0.0699949,0.00708605
3.71344,3.6636071
3.6435392,3.5833588
3.57959,3.4894617
3.826611,3.6799626
4.040872,3.8917065
4.2888165,4.148925
4.4859576,4.353218
4.828522,4.6266646
5.1155586,4.8500667
5.2203255,4.9737163
5.300568,5.112827
5.003194,4.9201107
4.9125404,4.900992
4.8589487,4.9022665
4.6518617,4.7744017
4.495839,4.6876125
4.451014,4.706467
4.3621907,4.6956463
4.3019724,4.68788
4.370357,4.706477
4.3580074,4.665305
4.34684,4.602208
4.34149,4.6074862
4.17098,4.4241853
3.9868717,4.218266
3.7449696,3.9713619
3.6186213,3.7917838
3.4908476,3.6127896
3.400011,3.52048
3.3179264,3.398022
3.2443948,3.2644162
3.0326638,3.0368228
2.9697948,2.8977573
2.8216598,2.7523158
2.5876677,2.5632803
2.4717143,2.4990437
2.4328246,2.4999442
2.4155164,2.5202472
2.3182895,2.3849962
4.645932,4.1900234
6.3233943,5.51792
7.1338983,6.344373
7.496095,6.9030037
7.4100423,6.878898
7.414403,6.9040737
7.491445,6.967345
7.5417233,7.0254946
7.524429,7.0172267
7.558616,7.0859065
7.451852,7.062031
7.3245153,7.01214
7.3299813,7.030841
7.2541604,7.0298557
7.288659,7.119185
7.3488674,7.224678
7.4308167,7.3443365
7.4523706,7.3945804
7.402985,7.4105625
7.5809245,7.513043
7.745976,7.624585
7.821122,7.6982617
7.797524,7.6864047
7.7307796,7.610925
7.7127748,7.5408454
7.4549284,7.3541718
7.1885476,7.1565185
6.9358997,6.9689593
6.6293635,6.734809
6.191248,6.393237
5.813148,6.049769
5.416816,5.694053
5.107087,5.3980665
4.905185,5.2236514
4.6716967,5.011837
4.3685737,4.7580657
4.089299,4.4984417
3.8999364,4.31847
3.7898324,4.16177
3.7196558,4.0851564
3.5630655,3.886274
3.470238,3.7463589
3.2830336,3.5238698
3.0192032,3.2518194
2.7507308,2.9952433
2.45163,2.7090957
2.2045116,2.5072484
2.1405897,2.4270496
2.1410687,2.402129
2.0984125,2.294136
4.554713,4.1762958
6.3087115,5.5463576
7.165058,6.4103575
7.5840364,6.9949007
7.4813685,6.965879
7.4800997,6.999336
7.4209065,7.005818
7.3577895,7.0241685
7.194167,6.961891
7.0079045,6.925204
6.8488827,6.916562
6.6891375,6.8522754
0.23743491,0.4665515
-0.065683514,0.17385212
-0.23828314,-0.031745337
0.0009881398,0.1455237
-0.033982407,0.114587456
-0.092793286,-0.020434855
-0.34312853,-0.27715304
5.5456724,5.031745
5.6962276,5.3355393
5.3834825,5.2292514
5.1936326,5.300136
4.982186,5.1333747
4.920834,5.030818
4.6912675,4.7767367
4.4736176,4.5169015
4.2477784,4.252288
3.8981109,3.8563325
3.7310624,3.650064
3.4657598,3.3848608
3.2328873,3.1198328
3.0762942,2.9774618
3.0345156,2.9598372
2.9482493,2.922814
2.831255,2.8244474
2.6891608,2.721941
2.4826677,2.560937
2.4414883,2.4948869
2.4059358,2.4748032
2.381877,2.4534738
2.168445,2.2492826
2.3476443,2.3698068
2.2256699,2.2477005
2.088957,2.1686132
1.9505239,2.088519
1.7824961,1.9253787
1.5930398,1.7411282
1.533929,1.7014705
1.5485506,1.7218574
1.5619074,1.7138958
1.5960746,1.774683
1.472994,1.6741589
1.3279766,1.4973397
1.2168758,1.3710101
0.8970902,1.1129547
0.71196705,0.9621899
0.613334,0.8687933
0.56189305,0.81591964
0.18821281,0.45101866
-0.0052344743,0.26428497
-0.29971537,-0.021293052
-0.5217922,-0.23370549
-0.6955348,-0.4152539
-0.9195332,-0.6751003
-0.68701404,-0.55403185
-0.73237145,-0.61003065
-0.7039901,-0.62850034
-0.6105921,-0.61072326
5.9895377,5.4186563
5.9038806,5.518229
5.399449,5.283153
5.2004075,5.3021207
4.984966,5.12614
4.913664,5.0143957
4.6756077,4.7448306
4.43425,4.4640713
4.2106185,4.2156734
3.8768978,3.85648
3.7111857,3.6628394
3.4631467,3.420536
3.233622,3.1734748
3.041854,3.010923
2.9872384,2.9810808
2.8989046,2.9217896
2.7506523,2.7825272
2.5857868,2.6441698
2.499014,2.6250684
2.616373,2.7154684
2.506653,2.6130211
2.4379082,2.5232277
2.1823099,2.259313
2.1140912,2.1892471
2.2052789,2.2589583
2.136683,2.2224762
1.9953872,2.111085
1.7823347,1.9224662
1.7014139,1.8089868
1.6084266,1.755314
1.5560342,1.7366493
1.5270149,1.6719763
1.5918562,1.7629949
1.4517798,1.6558355
1.3095349,1.5167856
1.1630365,1.3546089
0.8163943,1.0101016
0.7055444,0.9199714
0.57073194,0.7696091
0.5753969,0.78120023
0.26175937,0.47340932
0.03485748,0.22643596
-0.3054285,-0.13302363
-0.5559097,-0.37468305
3.8727665,3.7312765
3.932627,3.7769055
3.8135207,3.678894
3.7105572,3.6210635
3.7151892,3.5937376
3.645109,3.5241375
3.7334292,3.5945735
3.658936,3.528916
3.7986846,3.6632895
3.7401307,3.6416738
3.3909853,3.3928256
3.4385526,3.4627206
3.194747,3.2152781
2.935281,2.9442613
2.9320054,2.9255219
2.8105757,2.789252
2.761447,2.6746848
2.6957202,2.598394
2.5057313,2.3882551
2.3711715,2.2202616
2.271959,2.0958612
2.2692096,2.1214366
2.1929047,2.0517352
2.1018484,1.9509044
2.025775,1.8769363
1.9850624,1.7797557
2.026893,1.7809342
1.891356,1.6284844
1.8564191,1.6046611
1.7172846,1.4633557
1.6619563,1.3486601
1.6029652,1.291397
1.5578711,1.2487245
1.8383878,1.4919221
1.3921901,1.1336298
2.0391831,1.8756026
2.3690362,2.3818636
2.0911636,2.1553152
2.0748584,2.2042525
2.0711205,2.2480736
2.0780535,2.2559125
2.032646,2.251932
1.939123,2.1085024
1.7121185,1.7791592
2.0960302,2.050501
1.656438,1.650981
1.1937878,1.2176495
1.0152603,1.0202012
0.7705892,0.81158155
0.7834161,0.84032357
0.9770012,0.99917966
0.7830504,0.8224883
0.8842358,0.8793333
1.1106236,1.0711224
0.9899431,0.9477409
1.0385017,0.9230027
1.0219078,0.88774276
0.95832086,0.9047677
0.9991108,0.96234035
0.98459977,0.95031315
0.95959234,0.8960458
0.717323,0.68275696
0.8886497,0.8376858
0.9378489,0.890308
0.85929483,0.8279936
0.6012153,0.60264736
0.45235813,0.46525952
0.40703887,0.3750683
0.16159044,0.14438187
0.030774606,0.03864772
-0.08354856,-0.06282237
4.9107127,4.588859
4.793813,4.609534
4.6770854,4.571895
4.62646,4.597032
4.471724,4.4495792
4.480619,4.4575024
4.378849,4.3859015
4.3831477,4.3756824
4.3604875,4.2949896
4.106437,4.0589185
4.0213823,3.9631
3.9187226,3.858341
3.8142023,3.70241
3.7096488,3.5656025
3.865404,3.6961117
3.7316515,3.6066875
3.6810608,3.5532432
3.4961305,3.3949487
3.525649,3.4379413
3.6194003,3.4858494
3.599141,3.459801
3.6875205,3.523828
3.5425067,3.410055
3.668973,3.5368803
3.3876228,3.3054378
3.1704783,3.1600356
3.0196164,3.0952253
2.724868,2.7898388
2.9319768,2.9288
3.109613,3.061203
4.3977075,4.215872
4.3134236,4.131312
4.1353183,3.9596515
4.2785387,4.1029525
4.277828,4.133871
4.2827053,4.160285
3.995645,3.9376643
3.7788641,3.7822769
3.9017522,3.9136946
3.7807798,3.8017814
3.5767455,3.5964506
3.427795,3.4264288
3.4938684,3.4364114
3.4567664,3.3621373
3.3525803,3.2228787
3.2431135,3.0877073
2.9163904,2.7483878
3.0329425,2.8342962
3.0509667,2.8270664
3.0463061,2.8160257
3.024002,2.765289
2.9220212,2.6345963
2.9175298,2.5994487
2.7511225,2.411347
2.9909453,2.5638618
2.9506335,2.4748635
2.8937213,2.4232748
3.0398493,2.5334456
3.1445887,2.5575783
3.0532486,2.479579
3.5155752,3.0669694
3.2439265,2.9730797
3.0784812,2.956322
2.6695735,2.7883306
2.5343792,2.6426392
2.8690848,2.8996181
3.0170918,2.9826968
3.0220032,2.8761644
2.8593528,2.5740395
3.1068938,2.734995
3.0475986,2.6743696
2.847769,2.5004256
2.7638087,2.3906517
2.8024182,2.425992
3.0629954,2.6805623
3.281102,2.9217982
3.214403,2.878846
3.2093303,2.8773737
3.4225116,3.091079
3.4593544,3.151915
3.6681223,3.381267
3.7439253,3.4916685
3.652986,3.432727
3.6102176,3.43992
3.3883262,3.279207
3.3636036,3.3425233
3.0548646,3.115934
2.9033556,2.9231856
3.0577776,3.0052004
3.211103,3.0883038
3.0382957,2.8376837
2.839549,2.5604749
2.8825655,2.5300064
2.7564461,2.3465602
2.6672847,2.19211
2.6536632,2.1151068
3.2116027,2.656936
3.244611,2.7658563
3.329862,2.9809752
3.3087363,3.0332394
3.044747,2.8986404
3.0277598,3.0011878
3.041361,3.0814521
2.884105,2.8744483
2.592633,2.5079496
2.8767595,2.6612082
2.8359814,2.4908714
2.5326502,2.1152701
2.2224746,1.7935925
2.1275673,1.7254674
2.43645,2.0358026
2.8815298,2.4148812
2.9849973,2.488783
3.0209606,2.5376828
3.1430073,2.628943
3.183262,2.642793
3.131585,2.6619942
3.059541,2.589072
2.8245327,2.3261914
2.9198337,2.4594808
3.0562913,2.6859412
2.958535,2.6905518
2.447034,2.3472016
2.2091992,2.1972945
1.888952,1.9833416
1.4887174,1.6375613
1.28212,1.3901944
0.93576366,1.0132362
1.0590175,1.0494664
1.2472476,1.148277
1.187987,1.0215808
0.7139209,0.844079
0.5570677,0.7210713
0.59447294,0.72571105
0.5454544,0.68215156
0.44575953,0.60517997
0.467181,0.6066422
0.3730913,0.4994773
0.2301267,0.35266098
0.08471502,0.15212175
0.052489083,0.07591121
-0.07502953,0.014547192
-0.13121875,0.0048800167
-0.2035154,-0.08682739
-0.26355642,-0.1490674
-0.3794828,-0.26220858
-0.5268581,-0.383699
-0.56571805,-0.4099854
-0.6913877,-0.5416075
-0.7758584,-0.6368227
-0.8857775,-0.7651092
-1.0386684,-0.9048445
-1.1149203,-1.0104398
-1.1818575,-1.0783702
-0.9340164,-0.95893306
5.349774,5.192399
5.2979903,5.293831
5.267543,5.3219705
5.3163137,5.393063
5.276166,5.3464193
5.330536,5.349659
5.2186155,5.2071624
5.065116,5.045309
4.7210145,4.684004
4.581611,4.519288
4.5058136,4.420333
4.214239,4.1622458
4.0777426,3.987626
3.8365495,3.7527456
3.8733315,3.7922997
3.835734,3.7691011
3.789977,3.7337284
3.9854848,3.9024365
4.0805097,3.9866776
4.2842803,4.1020417
4.433741,4.2084346
4.385749,4.156392
4.510829,4.2841372
4.477923,4.3123317
4.6417365,4.5161276
4.6715918,4.597623
4.433662,4.401181
4.0965405,4.191529
3.989984,4.0889015
4.083601,4.165076
4.21295,4.2319436
4.3041873,4.2422667
4.0533004,3.9993284
3.968711,3.8786604
3.5699627,3.4420657
3.4782736,3.3147688
3.2883706,3.1007872
3.142903,2.9638917
2.9222915,2.7164874
2.8768613,2.6665392
2.8958616,2.6501052
2.7494738,2.464873
2.8826075,2.5414476
2.946621,2.5539806
3.3645716,2.8759162
3.5035546,2.933556
3.849943,3.2755053
3.764396,3.1956031
3.8935454,3.2721822
3.8448808,3.2282636
4.1916122,3.7028613
3.9186983,3.6266165
3.7045033,3.540057
3.4085724,3.3423934
3.0941849,3.1691692
3.387886,3.2619371
3.4860733,3.258956
3.9768968,3.5534203
4.1032314,3.4564495
4.354251,3.6231043
4.653515,3.8608263
4.3051906,3.554355
4.233426,3.4664524
4.072215,3.3555405
4.3186183,3.643904
4.5253806,3.96948
4.575612,4.0459156
4.778715,4.265503
4.8519917,4.477153
4.705203,4.4294615
4.6889367,4.4845557
4.7359586,4.585484
4.5831647,4.5071034
4.3184853,4.3498936
4.4308414,4.4196787
4.450036,4.4367905
4.533845,4.4742956
3.3468544,3.288787
3.4366987,3.2313685
3.4434333,3.0593288
3.517602,3.12637
3.6765983,3.2235801
3.0068731,2.6994486
2.7604856,2.579069
2.9246814,2.767825
3.1777074,3.1540322
3.1538856,3.2639806
2.8644876,2.9842815
2.843447,2.9815695
2.8961477,3.0238252
2.573559,2.7752001
2.4609587,2.6574893
2.71202,2.8756502
2.2270064,2.4505234
2.1011798,2.297754
2.1754732,2.3868182
2.1744826,2.4144952
2.0688977,2.267172
2.1567297,2.3555899
2.3288124,2.4812963
2.2257557,2.3556573
2.044459,2.1763341
1.7936311,1.8871509
1.4273163,1.4690108
1.1987157,1.1482227
1.0875345,0.98004484
1.1131419,0.9013791
6.6354795,6.7045107
6.322808,6.3481917
6.054489,6.0744467
5.702399,5.6868067
5.3471003,5.282154
5.106801,5.0093055
4.893077,4.7224197
5.0600758,4.831448
5.1666036,4.8874145
5.1114297,4.8113756
4.992241,4.6511106
5.0526056,4.6860137
5.059091,4.6464977
5.1735616,4.693778
5.395242,4.9391704
5.567202,5.109361
5.699599,5.274754
5.502512,5.1396437
5.4325695,5.1357307
5.2741385,5.0194483
5.4921803,5.272841
5.307092,5.172839
4.9478974,4.9034615
4.7509885,4.82983
4.8495092,4.9574203
4.8792305,4.960047
5.1216717,5.1460495
4.904449,4.901334
4.6064816,4.5848703
4.4382906,4.3599267
4.48377,4.31361
4.4481015,4.2459435
4.2194123,3.9806592
3.877226,3.6294115
3.6780329,3.4207983
3.8102605,3.4805322
3.8132453,3.420285
3.786285,3.3740969
3.7868009,3.3451104
4.2236123,3.7515943
4.590779,4.0074577
4.7240324,4.063327
4.574451,3.873569
4.56506,3.8979068
4.567707,3.881497
4.7512355,4.0623302
4.384914,3.796727
3.7861016,3.3384535
3.3003278,3.0031216
3.051527,2.701631
3.419724,3.4346797
3.363191,3.4996443
3.9637482,3.9434521
4.250362,4.127314
4.322141,4.0758457
4.739748,4.2919517
4.709762,4.1063414
5.0567527,4.16812
5.20528,4.1713614
5.211639,4.11414
4.9651017,3.8979588
4.2819133,3.3468423
4.2980456,3.4102595
4.503408,3.601761
4.6330137,3.8525887
4.6115093,4.0020514
4.4231725,3.9230378
4.266864,3.9079044
4.1919994,4.0135093
4.0690856,3.9785151
3.8964496,3.8111577
7.238985,7.141002
6.9309225,6.799703
7.0658417,6.928005
7.267861,7.0959835
7.2876587,7.032628
7.183106,6.882807
7.3285766,7.0331964
7.1940684,6.943701
7.2037344,6.9594307
7.0202374,6.799218
7.0539336,6.842637
7.063762,6.84348
7.0504208,6.849476
7.206284,7.0128613
7.004813,6.8987966
7.119366,7.030512
7.4573216,7.3233576
7.6400056,7.573491
7.297732,7.3815365
7.57884,7.6137757
7.7696404,7.7960353
7.42341,7.44548
6.8476877,6.79669
6.6254363,6.579303
6.626008,6.5038466
6.397331,6.201611
6.3135986,6.0218287
5.991824,5.715947
6.102134,5.686556
6.1651087,5.630292
6.1408434,5.5362163
6.2781763,5.633636
6.2895494,5.600253
6.308554,5.5428157
6.0907965,5.3516893
6.1895275,5.4899616
6.2444954,5.6114445
6.2811117,5.635773
6.309202,5.7609816
6.3483624,5.931861
6.1103554,5.8302984
5.882824,5.572023
6.080833,6.0369835
5.5542684,5.7188287
6.0733967,6.079478
6.3047075,6.1600294
6.6288085,6.1740036
6.7929664,5.890274
6.679286,5.5494947
6.959644,5.7970953
7.032159,5.755511
7.026908,5.718566
7.042477,5.846235
6.800361,5.8020673
6.4127665,5.544029
6.498436,5.834367
6.358794,5.846574
6.2903523,5.9877415
6.2402315,6.003874
6.3959746,6.2616043
6.4240017,6.433876
6.390315,6.4154534
6.632784,6.5582213
6.747961,6.621452
6.607177,6.454636
6.608833,6.468976
6.539601,6.362884
6.402144,6.1699667
6.343504,6.0171943
6.3652396,5.9506497
6.2214465,5.751636
5.941686,5.4216833
5.7349186,5.226089
5.5326905,4.968031
5.126141,4.640075
4.873404,4.4551816
4.7611837,4.4011936
4.744123,4.353814
4.8155837,4.5086126
4.5813932,4.2892876
4.5231256,4.373013
4.4205823,4.348098
4.466773,4.1616654
4.9185205,4.536383
4.5121784,4.245762
4.2060523,3.7989824
3.646951,3.5294993
3.5944464,3.5159998
3.5039444,3.4549565
2.900339,3.0299895
3.6962652,3.8163362
4.1857347,4.334001
4.6120844,4.798894
4.783046,4.898386
4.4179454,4.578519
4.965136,5.0778766
5.5596943,5.6562223
5.156963,5.2485385
4.8486443,4.8778777
4.283744,4.3141375
4.1423755,4.1696467
5.1497407,4.8638687
5.012951,4.7699137
4.870429,4.6159854
4.871436,4.5614953
4.7517633,4.4887676
4.5093727,4.378333
4.4511385,4.443017
4.222619,4.3103294
4.050352,4.0743113
4.0237494,3.970764
4.393684,4.0716248
4.2562065,3.7646856
4.2863045,3.6646125
3.9723315,3.2114682
3.77755,2.944722
3.2919664,2.4355187
2.9169216,2.1322567
2.6797166,1.9128369
2.404145,1.7304202
2.4701204,1.7982298
2.5214489,1.8545688
2.6242619,1.9485826
2.8599572,2.1669917
3.1634824,2.5067894
3.2987645,2.681454
3.2896376,2.6294312
2.9600906,2.2892983
2.6304092,2.0535178
2.3354871,1.8597511
2.3408597,1.901924
2.0765438,1.7699422
1.8620749,1.7484868
1.6400799,1.5572519
1.438219,1.6456844
1.3198825,1.594742
1.1348815,1.362158
0.90734065,0.9774857
0.32393998,0.48120144
0.010691628,0.17339711
-0.09350439,-0.06321638
0.029890366,-0.2110139
0.7460074,0.40834218
0.9327765,0.5438979
0.9720675,0.47910097
1.1168802,0.52186537
1.0470701,0.46541226
1.4170251,0.7088062
1.8394796,1.0450915
2.226558,1.1718504
2.4839497,1.3212427
3.0025747,1.7759944
3.4238155,2.1570194
2.7992425,1.6603684
3.195676,2.044352
3.3408453,2.2295976
3.611744,2.602077
2.94354,2.2207344
2.311747,1.800354
6.88765,6.560216
7.5066614,7.1845236
7.856107,7.6257105
8.052157,7.8472276
8.0926285,7.857684
8.2853365,8.080575
8.474009,8.312386
8.576418,8.467458
8.558399,8.485944
8.795663,8.844557
9.305407,9.3771515
9.924947,9.83597
10.625507,10.395066
10.699305,10.378511
10.371733,9.929809
10.198611,9.699624
9.649772,9.200881
9.926478,9.593387
9.752351,9.4803095
9.6885395,9.36398
9.633394,9.301998
9.602797,9.252925
9.691687,9.358716
9.442202,9.162063
9.550962,9.323784
9.542318,9.31455
9.65055,9.460155
9.708719,9.670416
9.580373,9.604751
9.574368,9.482274
9.236688,9.052659
8.751155,8.496392
8.579382,8.2445965
8.627312,8.346578
8.649459,8.346621
8.590054,8.195329
8.451604,7.9365025
8.562959,8.02556
8.585911,8.028827
8.579213,8.022532
8.714238,8.156168
8.718098,8.121281
8.774664,8.246261
9.611596,9.06236
9.568088,9.105157
9.950636,9.454667
10.090316,9.490853
10.367133,9.673258
10.587726,9.857013
10.723209,10.048487
10.703723,10.199958
10.715086,10.344428
10.65917,10.609413
10.79759,10.934554
10.546388,10.675633
10.171957,10.218186
10.135595,10.066821
9.951332,9.747435
9.6713505,9.250236
9.272852,8.784911
9.465521,8.739433
9.202932,8.455346
8.81678,8.180189
8.577861,7.9709425
8.014888,7.5527873
7.6613884,7.3179426
7.7447195,7.387253
8.299363,7.921552
8.423302,8.020337
8.575476,8.214975
8.84486,8.366102
8.694974,8.326777
8.414003,7.9675007
8.36437,7.913062
8.069333,7.838332
8.202301,8.081792
8.427189,8.300208
8.889408,8.906312
8.940623,8.889775
8.877875,8.625094
9.050495,8.582885
9.374118,8.80798
9.858476,9.164799
10.3560915,9.548596
10.595301,9.732446
10.630708,9.70498
10.850087,9.860648
10.693897,9.657231
10.584553,9.738715
10.442847,9.81983
10.356326,9.876135
10.213057,9.850132
9.776275,9.653405
9.799383,9.624556
9.580632,9.50186
9.959861,9.964913
9.96613,9.693218
10.3055315,9.826199
10.349772,9.867826
9.933692,9.563703
9.448728,9.072201
9.031241,8.644693
8.941101,8.602379
8.983746,8.666836
9.093928,8.741248
9.000192,8.682471
9.033773,8.690163
8.764741,8.421353
8.434628,8.071283
8.156076,7.8765664
7.815087,7.598987
7.6204762,7.530163
7.3424582,7.4148636
7.134555,7.192502
6.8162127,6.792175
6.928682,6.6576347
6.493759,6.1718707
5.935865,5.448534
5.641943,4.9694085
5.333931,4.580189
4.993374,4.1324325
4.596537,3.7227635
4.3326607,3.5106382
4.150823,3.3194528
3.8707323,3.0324495
3.830424,3.0313346
3.8176188,3.088078
3.940588,3.2207465
4.4370356,3.6355786
4.973354,3.9555287
5.3463736,4.122025
5.7413282,4.357766
5.540978,4.273335
5.944926,4.779806
6.400402,5.399918
6.3337536,5.5019975
5.8241143,5.3279886
5.9260936,5.5229645
6.214367,6.18865
6.1445,6.3689456
6.7696414,6.9231043
6.8983293,6.9435735
6.5140967,6.4291945
6.0123386,5.7833757
5.1119723,4.284876
4.857636,4.074952
4.637537,3.9355981
4.252135,3.5310209
4.1477423,3.4715123
4.0891247,3.5503185
4.118453,3.7125378
4.36715,3.9874582
4.4499474,4.112022
4.6686277,4.47358
4.6627707,4.4629407
4.6538587,4.727035
4.8999496,4.812126
4.7351756,4.506783
5.0555935,4.7019687
4.9974213,4.713309
4.038559,4.0838795
4.091863,3.9571612
4.2832317,3.9413493
3.9050834,3.4797528
4.6471257,3.9867108
5.765095,5.073935
5.544254,4.9009075
5.861055,5.001465
6.138197,5.214444
6.3923864,5.458261
6.415856,5.404588
6.9221745,5.70498
7.434261,5.8968024
7.3556647,5.7721157
7.654124,6.038358
7.6289682,6.353128
5.449579,4.8188486
4.4047737,4.110795
3.6709154,3.542916
8.064969,7.4928665
8.435232,8.033674
8.659401,8.343633
9.076883,8.833859
9.288089,9.015856
9.531916,9.312469
9.892627,9.730249
10.163634,10.08807
10.205898,10.324716
10.729528,10.902063
10.547779,10.707952
10.040818,10.235279
9.722824,9.769208
9.468344,9.568313
9.3042,9.510621
9.209469,9.329815
9.259981,9.20967
9.0012665,8.870762
8.9068365,8.596112
8.819343,8.416627
8.658062,8.155461
8.812688,8.13762
8.757043,7.9846334
8.590449,7.8054686
8.379062,7.5939374
8.1788845,7.4110465
8.215823,7.4644175
8.175086,7.5092854
8.335552,7.719105
8.47507,7.834265
8.277209,7.7082033
8.013343,7.5178957
7.751839,7.2789555
7.6267295,7.225579
7.4910336,7.287822
7.5707817,7.4195147
7.658663,7.60878
7.618973,7.5816603
8.147455,8.067244
8.44311,8.458622
8.398551,8.3936615
8.404282,8.066888
8.293131,7.8727145
8.518687,8.036952
8.815325,8.361861
8.795426,8.272403
9.038722,8.56544
9.137562,8.668209
8.88018,8.397655
8.406178,7.90517
8.68663,8.200374
8.732749,8.203417
8.367119,7.813659
8.765108,8.123954
9.046644,8.342161
9.153071,8.311081
9.506687,8.495321
9.575979,8.541976
9.491513,8.628458
9.623357,9.024577
9.573313,9.100657
8.47751,8.471829
7.646839,7.7900786
8.986709,9.055281
9.327644,9.384854
9.230764,9.344063
4.97218,3.2499197
5.311204,3.595268
5.6618643,3.996043
5.663192,4.0355496
6.0682893,4.30812
6.3706465,4.473664
6.895684,4.9504833
7.154145,5.2799125
7.533875,5.7997956
7.3475103,5.9166675
6.548888,5.393516
6.2171364,5.4371405
6.265384,5.678514
6.194263,5.903095
6.4793286,6.404049
6.7900753,6.9315486
7.2572026,7.299474
7.4621444,7.3575916
7.2466655,6.98113
7.268284,6.8051157
7.5051446,6.9423366
7.51409,6.7914476
7.1951237,6.489145
7.0210414,6.274887
6.9830337,6.4569726
7.4760666,7.0764055
7.1945844,6.992123
7.658422,7.338501
8.107252,7.645825
7.7682867,7.298772
6.9220343,6.521458
6.015751,5.9427314
4.6609664,4.995233
5.3214755,5.140048
7.9111714,6.723394
9.451995,7.582261
9.770627,7.660685
9.557731,7.5974565
9.720633,7.770221
9.696721,7.742182
9.946432,7.906261
10.386716,8.222868
10.646441,8.57803
10.503319,8.458835
10.649842,8.619939
11.102348,9.24256
10.883043,9.199988
11.103626,9.684519
10.919008,9.676332
10.641829,9.628232
10.227433,9.46737
10.727842,10.245209
10.822063,10.555954
11.009746,10.766783
11.103948,10.950171
11.229792,11.258818
11.073085,11.018808
10.647787,10.660988
9.963839,10.016863
9.583438,9.522992
8.939251,8.847483
8.684688,8.486914
8.197925,7.977312
8.30683,8.057419
8.229137,7.942953
7.8794103,7.5669208
7.83123,7.411506
7.474924,7.003922
7.14947,6.68661
7.2759576,6.8115287
7.5895543,7.041544
7.9640207,7.3567114
8.03165,7.5164313
7.6715283,7.3033047
7.321201,7.0872445
7.096391,7.005663
7.186006,7.257724
7.302197,7.2995605
7.167905,7.055316
7.368699,7.072748
7.3590713,6.996418
7.265334,6.8201656
7.3844004,6.7542863
7.334615,6.7086234
7.4861326,6.794913
7.7655163,7.067171
7.872769,7.166017
8.069884,7.424281
8.408508,7.663024
9.304272,8.518065
9.567998,8.781401
9.548759,8.779364
9.294413,8.571373
9.317476,8.684889
9.329134,8.850169
9.139544,8.995728
9.251827,9.229917
8.912992,9.11612
9.169807,9.10766
9.735315,9.395344
9.670198,9.157233
8.20109,8.072666
8.142285,8.029396
8.538816,8.358856
8.939092,8.8466625
9.374827,9.360147
9.590159,9.48311
9.78774,9.807607
9.51276,9.54548
9.086876,8.950086
8.989223,8.804686
8.855627,8.737969
8.55626,8.379019
8.55089,8.32118
8.542175,8.270142
8.371123,7.961678
8.208363,7.742054
8.3159,7.771013
8.466717,7.889471
8.496813,7.960088
8.55844,8.064705
8.375944,7.998062
8.320996,7.9064183
9.041804,8.614529
9.414142,9.024389
9.567374,9.350163
9.8043,9.674734
9.818978,9.590064
9.551211,9.555584
9.026166,9.246248
8.612503,8.554117
8.480036,8.3476925
8.679776,8.603133
8.587239,8.384359
8.589384,8.239018
8.623728,8.281472
9.014831,8.835703
8.7940035,8.82165
8.625087,8.428665
8.0423155,7.5741663
7.240791,6.594927
7.2517195,6.2641697
7.1166916,6.092459
7.6828427,6.371136
7.7718854,6.178785
8.255174,6.3570423
8.685738,6.677287
7.8777237,5.9746804
7.993163,6.1303883
8.022402,6.286617
8.494102,6.7830076
7.932643,6.41212
8.033885,6.6915708
7.848494,6.592766
7.870156,6.647923
7.568903,6.624289
7.9485993,7.1992526
7.9831285,7.4805627
8.16442,7.767288
8.844727,8.545852
8.6913185,8.553053
8.827825,8.741036
9.151619,9.223995
9.521636,9.624738
9.360679,9.3358965
9.238095,9.057369
9.532707,9.338689
9.33997,9.2155285
8.903165,8.774175
9.28595,9.063502
9.268427,9.0166
9.302565,8.924955
9.538778,9.045542
9.455957,8.801575
9.632008,8.776018
9.773383,8.6691675
10.234097,8.856298
10.202941,8.622289
10.708793,9.046
10.786904,9.341532
10.713649,9.501846
10.622346,9.601922
10.885577,10.240405
10.309802,10.013226
10.326147,10.130282
9.813389,9.866496
10.056852,10.210232
10.280266,10.199134
10.18985,10.05746
9.647234,9.524896
9.702967,9.5366745
9.66953,9.425591
10.064778,9.828369
9.960137,9.841872
9.947748,10.032484
9.598033,9.697856
9.147583,9.167711
8.511883,8.356019
8.696462,8.38751
8.790915,8.31003
8.99941,8.246218
9.116307,8.183413
9.57519,8.902769
9.607542,8.7741995
9.273899,8.484263
9.5589075,8.69426
9.5279455,8.6941
9.411949,8.623778
9.299397,8.63234
9.092863,8.526675
8.823697,8.307981
8.79167,8.29123
8.708812,8.286343
8.756919,8.392221
8.916938,8.588392
8.800676,8.484067
9.310721,8.91953
9.6883545,9.346042
10.074983,9.847122
10.143714,9.869133
10.436402,10.3060665
10.3448105,10.428748
10.331661,10.250299
10.169122,10.040634
10.083945,9.887556
10.098397,9.7300205
10.044695,9.640286
9.896413,9.570638
9.909042,9.3979025
9.861622,9.225477
9.655711,8.999975
9.491614,8.857988
9.373168,8.794216
9.248198,8.743967
9.022865,8.656084
8.882648,8.583995
9.399496,9.100228
9.656828,9.348015
9.746215,9.57283
9.456403,9.5388365
9.447989,9.512107
9.275155,9.040042
9.154962,9.004815
9.310067,9.263188
8.501147,8.530175
8.056679,8.048299
7.5124373,7.45411
7.2535276,7.1392074
6.730435,6.548504
6.951158,6.900105
6.8478565,6.855842
6.1053944,5.9802413
5.131367,5.051664
11.034265,11.053095
10.581387,10.467305
10.255009,9.89873
9.881496,9.245524
9.892967,9.1209955
9.534692,8.810053
9.615146,8.839889
9.438823,8.698765
9.219237,8.508674
8.92729,8.346855
8.652529,8.187624
8.339559,7.9298105
8.1965065,7.819375
8.126187,7.82673
8.156126,7.9259257
8.317885,8.119891
8.263019,8.097644
8.685073,8.456937
8.889583,8.728294
9.152965,9.113845
9.209242,9.140889
9.455844,9.514315
9.334478,9.395344
9.139316,8.983553
9.111847,8.917436
8.9801445,8.843736
8.766953,8.537539
8.741782,8.511803
8.548146,8.297609
8.243742,7.90271
8.02485,7.636801
8.093495,7.643698
8.239136,7.699365
8.263978,7.7383976
8.351101,7.845683
8.259202,7.838464
8.309876,7.8924294
8.726532,8.359284
9.077257,8.714738
9.280155,9.039294
9.526087,9.411217
9.794883,9.618684
9.8811245,9.917649
9.656789,9.850248
9.364332,9.304309
9.306521,9.213223
9.524031,9.4734745
9.677682,9.532932
9.687603,9.425028
9.854677,9.428462
9.066374,9.239246
8.7180605,8.740781
8.2234535,8.13435
7.9855185,7.7370296
7.973734,7.562602
8.030461,7.4870973
8.129059,7.49784
8.018201,7.326448
8.036257,7.217746
7.575456,6.8741217
7.758297,6.979328
7.7733316,6.9692354
7.8817234,6.9764395
8.077856,6.8855457
8.366449,7.0384007
8.942327,7.3495626
9.443711,7.6943784
10.095523,8.174614
10.393297,8.4152975
10.827042,8.773582
10.643585,8.852406
11.095159,9.539603
11.316221,10.189246
11.167931,10.659007
10.47688,10.532615
10.24882,10.163129
9.91711,9.860475
9.714271,9.551698
9.351149,8.977651
9.033113,8.525053
8.962635,8.633322
8.806021,8.359059
8.65026,8.262793
8.41371,8.095854
8.015973,7.8639245
8.13953,8.058874
7.905801,7.9461365
7.83822,7.680106
7.3332586,7.0950603
7.376568,6.9933987
7.4208565,6.731672
7.707805,6.879253
7.8803453,6.8353987
7.6109548,6.55841
7.604439,6.5918603
7.5140114,6.5777392
7.4350786,6.458992
6.667451,5.9105735
7.0080605,6.230025
7.3557467,6.620617
7.84146,7.2581015
7.979238,7.455977
7.754946,7.3158135
7.711459,7.326554
6.3842845,6.098869
4.7589016,4.665256
10.430742,10.033123
9.906228,9.681847
8.9363575,8.758251
8.865493,8.677062
8.586171,8.425916
8.473608,8.385709
8.493582,8.463632
8.835009,8.901505
9.133799,9.16525
9.186984,9.240263
9.09529,9.106109
8.723962,8.722158
